374783
433114
419975
691682
444199
456476
427807
419461
429111
457186
419961
431623
429490
533005
440491
434454
512731
109364
56686
63445
426244
669249
436887
55858
451283
447575
429500
452641
429533
431620
375220
457234
375093
445513
452221
429492
426347
347312
375511
391750
451176
438604
6566
426108
473880
479844
427151
374786
534173
6565
7960
19249
431874
426782
108346
139379
82458
139372
385114
443234
469544
473649
452197
425031
16066
457213
427321
447411
443416
429029
374793
513092
440481
50164
138043
447190
608534
689264
374776
437227
443702
138791
511772
440874
98028
457112
436918
436908
474111
467199
431897
427664
436059
374787
697540
429203
608467
19952
443362
468768
83227
347414
347117
473594
434854
374781
374795
431407
467325
443694
427497
431614
429044
430030
431617
429202
345029
396427
457226
439311
427372
437721
457238
60
396425
427292
428607
430008
430616
87
660403
374779
109110
516805
701379
108895
668884
19994
127510
429073
447622
46946
374791
375507
431632
429511
429037
426113
374792
419993
436258
429509
429498
345025
455868
429158
427874
437222
431071
661096
429494
374788
482983
430004
375265
429032
70957
56081
378583
457150
346488
89900
436913
20518
20770
64917
375126
607732
436904
701641
449599
457172
429487
429480
482952
535068
471812
436624
369675
542723
374773
429034
347422
697553
433139
473871
455027
444612
453580
436905
374777
434938
447419
186
436072
426748
427870
429507
427091
385117
429520
429503
429660
429476
482929
431639
428586
534568
608516
440888
429297
457242
375079
430247
449251
430223
428497
457686
427952
456478
434333
396387
481629
435777
5701
431853
382491
474114
429162
457244
114
429548
374800
445941
62455
431636
701663
431651
608432
479851
608377
61603
660874
447434
436287
660401
434201
445313
426801
456342
457515
431870
457164
430229
451101
651591
608510
467288
431634
431612
473716
427531
454631
456477
45172
457203
701612
429941
91493
457230
91503
60908
375325
434120
432794
608413
701572
657094
453862
86061
369745
431086
429541
430214
429527
457181
426976
707943
429076
457236
608345
429118
436167
387040
436066
448470
396423
432964
212955
482816
608385
455341
484030
108122
62172
57328
57700
342832
62815
6473
48439
109939
457228
447703
608399
150
50027
54823
453571
457219
419415
512874
374801
454616
51711
374798
57429
473619
14122
105845
456460
11264
11260
55376
108876
534556
44973
452251
20345
12578
57280
48948
81020
701666
698041
436912
138891
78831
61835
473776
433921
137124
451880
434266
72951
511769
86794
54117
19471
56662
45082
534413
432147
114748
513299
18896
435767
531986
433062
430250
483697
135970
446082
431626
129109
21775
18381
61813
148620
25180
436056
129477
457174
21609
86077
666533
109978
659726
55815
57232
457552
45177
374782
458419
78767
78452
667159
454164
374789
114569
353788
62495
419298
699980
426840
643469
52831
103
47607
86668
12857
127493
459087
374775
604644
86503
89
114416
531706
6474
512184
46913
458578
512969
67486
21649
52745
534385
46604
43938
7218
532235
148632
131427
455643
21621
469046
141678
18571
427015
468019
429167
136890
438022
68114
699310
374774
45959
137149
700209
436077
472247
20865
473789
46628
431663
81227
71709
473797
660107
435791
85245
56982
443828
89969
22302
57389
513280
435755
25346
709531
430265
391657
385209
213
444709
221
369700
347308
511629
457152
369673
533848
467314
74006
374799
18898
436921
469874
436917
45332
474053
443568
457554
456951
25059
468748
436915
18483
443932
15700
20155
668814
20141
473831
191
535646
48933
46112
439577
21071
76939
434937
345637
698732
20107
473809
344785
426892
472933
65826
429173
449875
667388
18734
605417
486026
7166
459066
467959
22605
75873
469193
47270
473857
20348
54382
20094
55440
455280
667157
74383
438137
76
6861
25804
18371
51977
374969
690291
46335
66243
449676
82973
419270
512702
703325
20867
455854
5552
662543
80263
57155
66933
473309
76005
432789
428559
436075
668155
456444
369688
430270
454991
347426
419951
457240
344915
455053
442287
448697
30
457147
441248
455380
482420
44934
469749
77295
428880
450850
345245
62801
114637
23239
533335
45460
374796
700199
375421
512860
638075
47147
457205
436667
74367
440583
417092
109002
123224
651600
136376
71274
386544
602575
387004
643646
152
536014
81165
443903
429012
116340
25410
22224
79855
65004
393315
47752
699375
46097
80697
83
458846
20064
339515
474324
141135
439175
367093
210645
18622
435147
666534
7452
11340
700672
634858
435787
82618
436911
531214
82225
440401
426029
386920
46004
67338
87386
521631
81978
691678
47
46903
73559
173
48660
691270
160
457701
467449
433020
478849
80388
457143
100217
664286
457169
76507
66887
77781
94560
114933
85192
105852
230620
61845
116451
81575
22202
419814
98041
662952
128271
25097
697601
707630
81
385119
21914
457215
605294
369708
431373
64276
429484
451098
427354
429531
429505
607153
429206
429047
667380
473863
457179
481723
347310
430210
61033
110302
481675
430242
24811
369695
19688
396407
25436
48016
457207
71827
424787
427376
669244
501888
419959
347164
533467
206
387045
46297
5555
128336
120125
7225
77723
457201
473815
143
20340
57634
430601
457199
468777
457160
434881
90358
6178
473741
70867
650635
54596
18621
79663
391655
77843
19387
432782
14737
436901
668718
481108
457193
99155
81816
61632
690222
482742
80674
80760
19540
44025
431641
64459
447232
109971
135845
454364
48011
61468
457183
123630
22096
45977
79607
634277
66850
63035
57332
441339
55050
480979
455610
448716
68093
86
435808
448411
75692
427303
136997
86373
660928
433114
419975
691682
444199
456476
427807
419461
429111
457186
419961
431623
429490
533005
440491
434454
512731
109364
56686
63445
426244
669249
436887
55858
451283
447575
429500
452641
429533
431620
375220
457234
375093
445513
452221
429492
426347
347312
