374783
433114
419975
691682
444199
456476
427807
419461
429111
457186
419961
431623
429490
533005
440491
434454
512731
109364
56686
63445
426244
669249
436887
55858
451283
447575
429500
452641
429533
431620
375220
457234
375093
445513
452221
429492
426347
347312
375511
391750
451176
438604
6566
426108
473880
479844
427151
374786
534173
6565
7960
19249
431874
426782
108346
139379
82458
139372
385114
443234
469544
473649
452197
425031
16066
457213
427321
447411
443416
429029
374793
513092
440481
50164
138043
447190
608534
689264
374776
437227
443702
138791
511772
440874
98028
457112
436918
436908
474111
467199
431897
427664
436059
374787
697540
429203
608467
19952
443362
468768
83227
347414
347117
473594
434854
374781
374795
431407
467325
443694
427497
431614
429044
430030
431617
429202
345029
396427
457226
439311
427372
437721
457238
60
396425
427292
428607
430008
430616
87
660403
374779
109110
516805
701379
108895
668884
19994
127510
429073
447622
46946
374791
375507
431632
429511
429037
426113
374792
419993
436258
429509
429498
345025
455868
429158
427874
437222
431071
661096
429494
374788
482983
430004
375265
429032
70957
56081
378583
457150
346488
89900
436913
20518
20770
64917
375126
607732
436904
701641
449599
457172
429487
429480
482952
535068
471812
436624
369675
542723
374773
429034
347422
697553
433139
473871
455027
444612
453580
436905
374777
434938
447419
186
436072
426748
427870
429507
427091
385117
429520
429503
429660
429476
482929
431639
428586
534568
608516
440888
429297
457242
375079
430247
449251
430223
428497
457686
427952
456478
434333
396387
481629
435777
5701
431853
382491
474114
429162
457244
114
429548
374800
445941
62455
431636
701663
431651
608432
479851
608377
61603
660874
447434
436287
660401
434201
445313
426801
456342
457515
431870
457164
430229
451101
651591
608510
467288
431634
431612
473716
427531
454631
456477
45172
457203
701612
429941
91493
457230
91503
60908
375325
434120
432794
608413
701572
657094
453862
86061
369745
431086
429541
430214
429527
457181
426976
707943
429076
457236
608345
429118
436167
387040
436066
448470
396423
432964
212955
482816
608385
455341
484030
108122
62172
57328
57700
342832
62815
6473
48439
109939
457228
447703
608399
150
50027
54823
453571
457219
419415
512874
374801
454616
51711
374798
57429
473619
14122
105845
456460
11264
11260
55376
108876
534556
44973
452251
20345
12578
57280
48948
81020
701666
698041
436912
138891
78831
61835
473776
433921
137124
451880
434266
72951
511769
86794
54117
19471
56662
45082
534413
432147
114748
513299
18896
435767
531986
433062
430250
483697
135970
446082
431626
129109
21775
18381
61813
148620
25180
436056
129477
457174
21609
86077
666533
109978
659726
55815
57232
457552
45177
374782
458419
78767
78452
667159
454164
374789
114569
353788
62495
419298
699980
426840
643469
52831
103
47607
86668
12857
127493
459087
374775
604644
86503
89
114416
531706
6474
512184
46913
458578
512969
67486
21649
52745
534385
46604
43938
7218
532235
148632
131427
455643
21621
469046
141678
18571
427015
468019
429167
136890
438022
68114
699310
374774
45959
137149
700209
436077
472247
20865
473789
46628
431663
81227
71709
473797
660107
435791
85245
56982
443828
89969
22302
57389
513280
435755
25346
709531
430265
391657
385209
213
444709
221
369700
347308
511629
457152
369673
533848
467314
74006
374799
18898
436921
469874
436917
45332
474053
443568
457554
456951
25059
468748
436915
18483
443932
15700
20155
668814
20141
473831
191
535646
48933
46112
439577
21071
76939
434937
345637
698732
20107
473809
344785
426892
472933
65826
429173
449875
667388
18734
605417
486026
7166
459066
467959
22605
75873
469193
47270
473857
20348
54382
20094
55440
455280
667157
74383
438137
76
6861
25804
18371
51977
374969
690291
46335
66243
449676
82973
419270
512702
703325
20867
455854
5552
662543
80263
57155
66933
473309
76005
432789
428559
436075
668155
456444
369688
430270
454991
347426
419951
457240
344915
455053
442287
448697
30
457147
441248
455380
482420
44934
469749
77295
428880
450850
345245
62801
114637
23239
533335
45460
374796
700199
375421
512860
638075
47147
457205
436667
74367
440583
417092
109002
123224
651600
136376
71274
386544
602575
387004
643646
152
536014
81165
443903
429012
116340
25410
22224
79855
65004
393315
47752
699375
46097
80697
83
458846
20064
339515
474324
141135
439175
367093
210645
18622
435147
666534
7452
11340
700672
634858
435787
82618
436911
531214
82225
440401
426029
386920
46004
67338
87386
521631
81978
691678
47
46903
73559
173
48660
691270
160
457701
467449
433020
478849
80388
457143
100217
664286
457169
76507
66887
77781
94560
114933
85192
105852
230620
61845
116451
81575
22202
419814
98041
662952
128271
25097
697601
707630
81
385119
21914
457215
605294
369708
431373
64276
429484
451098
427354
429531
429505
607153
429206
429047
667380
473863
457179
481723
347310
430210
61033
110302
481675
430242
24811
369695
19688
396407
25436
48016
457207
71827
424787
427376
669244
501888
419959
347164
533467
206
387045
46297
5555
128336
120125
7225
77723
457201
473815
143
20340
57634
430601
457199
468777
457160
434881
90358
6178
473741
70867
650635
54596
18621
79663
391655
77843
19387
432782
14737
436901
668718
481108
457193
99155
81816
61632
690222
482742
80674
80760
19540
44025
431641
64459
447232
109971
135845
454364
48011
61468
457183
123630
22096
45977
79607
634277
66850
63035
57332
441339
55050
480979
455610
448716
68093
86
435808
448411
75692
427303
136997
86373
660928
202
67518
79830
127585
427006
48192
63220
19281
456466
468231
83319
61101
109515
81462
76867
382499
20302
375098
55889
87770
57393
534361
456474
137808
22942
56137
698804
114935
18880
108514
76084
50
14417
57061
73429
82843
80729
24913
46607
45916
432791
80595
435849
435797
454161
435794
20850
655441
137327
78076
296910
82957
456470
454155
81991
427267
10923
668800
608421
6484
45461
374778
427326
419804
375096
427493
608338
705646
65778
85046
449879
346455
603104
698743
457085
608428
660934
374790
97182
178
18888
87706
65779
451876
85488
457507
87306
79403
75036
56267
436061
91573
57686
19469
81014
485588
296849
20898
473582
84347
87786
145
668204
56126
606170
531215
425702
702884
443570
434984
432637
397160
397159
436660
392632
684798
449584
436659
436873
393108
436877
416176
387005
435518
470094
425831
435194
436663
128695
447154
73716
440259
448838
425827
608270
511442
427438
375517
392701
446640
67720
646674
432140
397156
435009
88744
396942
431241
440717
435360
479920
684413
695130
419554
669091
375515
392700
347153
446107
436656
454175
436662
435688
433478
668151
484195
416178
436979
661640
479801
432060
419556
435698
473473
391650
510077
437210
453148
448537
442959
446907
470935
445234
430322
443847
452655
534920
472757
449131
445841
443989
438300
437007
393249
442473
438023
511594
432594
528586
43958
431366
114045
669040
536418
484375
432234
419441
432138
419437
447128
445891
470457
448333
686853
432209
437863
437181
447208
480790
447937
393255
433923
396944
485297
431606
393407
385893
690916
365511
438052
393367
434749
513164
97171
454888
472901
691814
697280
670370
445188
110429
455395
513005
479638
449351
453172
608313
699978
452304
431508
107983
127688
18990
639164
169731
668128
474427
442672
668806
445974
474450
108468
344932
436658
86760
433510
110447
110356
511590
109826
432206
64063
386602
440684
82653
129262
43840
447735
86631
535748
81874
17265
385868
449177
468766
443389
449596
346423
432116
85122
107841
44844
432038
79788
691060
79244
94456
474151
691064
66924
474617
425016
431605
419445
137919
77047
691255
456981
443444
373149
67662
116324
20242
511444
108410
604696
91517
85947
67650
393434
109043
420335
129860
140263
501629
45907
420000
116114
437914
691454
483047
433278
533174
481023
72115
445219
119355
691457
483141
375513
419443
138738
425825
434461
428678
602682
654804
506449
691459
448793
638257
396557
434315
486596
447936
2650
479795
419447
482522
512786
486053
472545
100222
438325
667828
393425
76183
449862
84221
511413
643701
534937
668093
514973
20220
14022
78327
481836
347440
385141
668771
45639
670534
454266
607152
431970
48573
81804
512284
445975
436655
426152
643748
432886
691465
690169
52749
481520
397194
532372
123387
439242
669217
691474
416958
374386
689367
94358
473749
449967
691378
65561
296877
666931
426196
139499
109267
707466
667831
535362
119316
480764
457092
424668
442278
64876
535037
468072
77389
432076
425491
646672
512195
140253
697637
128462
691470
123180
661688
705229
456401
447890
445755
668794
639084
480769
45873
116869
94528
443369
604373
438276
138530
420103
447131
669196
25886
83278
443406
446105
47247
449948
485014
84222
443944
392656
426207
62386
670112
469952
690073
133097
345407
697661
447314
638482
667776
684865
137369
669679
449076
684362
643465
432183
139438
667299
138784
535149
6188
687349
438468
707506
137453
516802
697660
120071
425385
690730
690459
700310
643467
514901
661549
704576
533147
639162
513716
480207
433929
691476
484416
479853
474664
542687
456350
468048
480639
480852
439723
707464
482518
430047
425125
440516
472837
393106
429876
426544
416180
634846
443338
473564
473285
468322
501737
531603
449525
432805
75539
453142
453334
426534
450742
481150
432887
668244
431543
474633
438298
429874
433367
659127
419314
473471
695070
296956
439179
643719
486535
393371
452087
385025
65750
654733
485308
438338
436875
607252
670099
448271
82469
433211
83896
78774
82301
669021
443158
86694
511418
128288
83459
480101
84814
108452
345930
79980
667824
76190
456465
437994
82677
52723
48580
483626
445852
443122
536424
670324
80143
468853
707402
374882
449690
51933
437913
392750
26534
419550
80680
511592
446909
76091
134885
667802
71915
85916
2647
371002
77845
88552
169447
57669
65273
133773
107422
107415
535305
419439
668361
667815
695007
515030
480707
473474
438688
57283
64014
432216
346203
345570
20225
669188
659206
433866
468130
65471
138419
669194
22482
425572
638083
425575
457980
448666
425778
430764
426103
425835
532149
455345
133005
65905
435592
435607
435614
447762
396484
435659
435625
445810
697734
445411
446511
430762
542740
472512
534905
536225
473439
445315
97601
447432
107330
484178
91370
470583
430207
430211
396357
449154
469130
483894
607194
25286
21499
11082
436540
666497
452189
453162
455297
669313
473063
447027
45360
529494
445538
450959
684392
533891
667307
445461
82611
456908
531544
479377
664227
638600
96969
513684
531789
638087
52730
449668
396364
513330
455291
93906
77999
447603
21351
448784
65915
446084
654909
669198
22218
20769
447155
135875
74580
79728
87197
437779
133746
114192
483154
74605
85513
11704
81170
479375
65235
375520
542693
514989
467476
447673
449168
393922
20244
469839
426032
535781
385061
661354
469095
700277
97777
650578
481651
436452
52712
708126
659946
650560
447710
458367
78084
535948
61821
51484
513063
459010
455734
48488
83458
690300
608136
140280
80200
46912
447858
72914
77916
66999
54398
375105
446542
689333
447514
447758
114383
129530
432992
703755
709774
447031
386932
425425
45046
435664
70793
482426
66494
691907
6190
447635
73680
436571
19239
46641
62860
121572
668700
430215
435670
85957
88494
536241
66487
19985
98588
25330
433422
137601
109608
72680
54367
67032
481652
46231
663793
458235
56266
662797
470505
428223
246729
99966
84786
46500
435629
80969
81369
70975
638096
21104
79692
47715
54093
536243
661639
129243
63521
56239
47273
479219
116801
468572
67626
57525
651584
701076
444634
531838
126353
13967
72271
138932
121456
82815
64705
78939
76399
47392
344540
64712
123307
433454
130355
75580
91592
448979
117209
83946
458230
114356
139087
546161
536013
472283
86545
131325
25305
386624
468230
450293
467417
439703
458310
435722
440358
483019
440296
535495
697490
690041
442266
439308
669943
430293
634544
79125
85430
441085
646769
443184
705256
444294
426575
435873
5746
447726
438446
458540
662257
346948
448432
25302
473793
404989
426938
533579
512473
691890
533308
471147
467321
455740
456294
479229
467340
455741
473805
479226
449922
536271
78455
457874
686581
690855
473640
643604
48821
634711
513196
485258
25261
129426
481360
472948
26752
72477
456281
516213
511538
684402
483786
692035
438442
456292
662780
25322
467334
74098
116432
608378
441152
479764
46925
430561
533305
82588
49039
80766
48603
513390
70844
456289
539956
436426
62910
73834
533285
345005
467691
81056
378482
74897
533300
469562
528593
56697
63097
62782
469085
479224
84259
97238
20848
68158
82569
123271
86423
90234
85051
690090
535093
65197
21330
89395
456291
438659
139586
670232
393965
48820
68094
25210
14126
85686
114781
169784
343096
109936
138122
444150
46878
71744
533289
82896
425199
378620
43850
72343
72211
91603
425128
639037
439701
468658
56020
63046
451207
72475
434376
447104
397612
445594
424718
133827
392816
384985
108221
81594
85976
440090
455136
640416
470165
701465
114982
512803
90481
605398
13814
80232
54466
56473
85991
691286
79878
44915
109222
13807
54492
479885
443472
442213
438407
439906
534249
472916
62218
438156
85729
97343
432256
117242
658311
371401
374425
345510
226204
105923
25228
479193
84658
445935
433063
371180
400109
431923
433067
127676
371177
448710
437904
438463
483536
431959
430043
429213
430045
436412
430039
431892
432451
698421
440859
429090
456558
437824
456496
456604
654464
448396
439716
456497
400693
691879
456589
456519
481840
451145
371174
430124
483540
534960
485144
456591
445165
448384
430125
74693
445743
456543
456581
535610
433183
448455
438810
448712
438165
62764
82846
436568
454552
445776
691864
72088
445741
400950
453856
455902
471993
456506
456602
443947
474732
438812
483170
638951
1024
512193
456606
436105
448387
433189
79306
456550
434105
457343
456600
456554
451096
66186
453064
456593
94395
63063
448714
439757
533811
456514
1042
81173
79558
468412
121644
71586
48594
438758
429954
130553
1026
110537
535064
121651
1059
85379
704917
378498
441463
473935
468416
131464
86396
456608
346960
346487
703196
485006
374618
455339
512678
431937
511399
392495
559129
439849
454043
428353
434592
447416
450320
392499
134972
446621
441047
434367
347478
346943
434506
420094
391730
397466
433493
647570
449898
429190
426941
468595
448803
467432
345008
429956
396592
426992
392497
534656
443584
482231
21224
450723
453999
448026
425919
437197
269922
436406
456162
428643
47243
429293
420095
643609
392498
474673
457415
431296
469037
444307
670060
468056
453300
700188
396385
47592
513412
446572
444040
453227
473282
426806
434420
442380
397512
430587
473496
433838
446549
531967
346953
436402
48512
447318
429300
439463
456187
428646
450721
431298
374613
433869
457918
433214
110308
485855
371132
456179
432107
14438
397400
347024
392492
21179
397505
427596
437144
425915
429221
643491
344998
443900
436011
392493
419889
456112
454857
428545
437113
456189
669284
428257
435378
437187
344995
512410
374859
436399
444918
344853
431989
345002
456934
396857
690117
434873
429276
437071
428547
484434
396591
511549
436408
419302
419887
439263
444262
512229
6706
433884
397365
449138
139378
397485
449136
485010
419899
513436
449118
396595
479204
456177
426753
668102
452073
437092
396851
43886
448022
445344
443881
429757
396596
135186
436949
697614
446342
446070
20642
56167
455305
432762
56166
397501
428208
6705
607498
393096
347027
440108
468657
429309
344857
437190
344881
434128
438969
436950
82142
396593
669145
428641
429709
139253
444043
51714
483951
439201
432755
346941
449125
55869
433857
426265
445205
139275
77367
684839
75159
469081
471188
480218
437380
397520
469887
704004
396590
441499
396866
443218
426591
454859
454118
449899
6201
391633
431487
397388
123581
345010
457640
387083
387087
467416
432679
444922
109130
81992
387085
446608
77668
428650
82959
428554
669261
532799
474383
443075
396871
456137
690324
468070
430407
420096
83102
429562
72582
667898
431415
431295
455796
437073
708014
428734
345006
708013
432589
446352
83463
48349
454622
691812
131340
501722
454103
439130
344835
472939
468091
439705
446545
427314
698005
474355
433794
419315
447984
512780
457345
433479
54383
669574
84839
684307
132260
425917
440041
471144
532867
134326
437091
437873
512700
127704
512705
535096
84607
445146
449630
25856
669276
513829
531959
81382
512099
468368
441147
439941
435144
74661
55633
474182
83975
437172
46801
339461
449893
436935
51864
444142
110784
25637
108740
18357
431319
110123
72795
86606
709415
65384
451103
396594
54372
439204
74895
56679
684840
472303
442191
369799
440377
542742
445101
436938
482671
11962
535500
370708
473231
452696
139348
452349
432383
97692
468842
437195
81480
474389
19732
385427
606184
80575
108426
444259
393333
110169
84538
76385
73987
129244
479205
479126
134223
435732
512782
46108
482165
82680
132927
434468
486068
654763
659255
435139
117246
479159
483724
481091
110334
64625
14445
697627
430913
457596
100290
454610
73506
61549
429884
514362
52816
117510
471084
432592
345234
121770
484942
664280
643762
116156
82190
116305
663704
139071
107542
99860
75738
512125
684807
129474
98021
532965
485485
375524
138765
534416
83325
47940
75396
471382
14439
107666
512579
669368
169814
444202
22947
108900
441642
78547
210518
12226
483847
512168
441484
457091
137486
514277
87480
515026
513035
454002
455858
654787
86722
468428
65350
438602
384998
426323
97732
121542
513040
129472
82096
139373
483785
668199
534364
393363
512583
446553
393346
6436
131331
428361
442199
430999
669415
457413
468721
73092
109052
107673
96861
512561
20619
474229
452535
98069
99419
666784
148636
486069
450648
114915
432386
81548
89099
98204
7992
433237
81505
108534
447506
90272
90085
443577
676083
472977
454008
449667
6884
64426
86090
345861
471381
87455
82231
90412
83428
474146
606034
345249
511627
386637
436948
328950
447737
457651
210491
14473
24632
94313
84717
694700
605296
269886
108322
331361
73200
133248
72550
84499
105816
441162
437084
79533
78280
11763
132617
120123
445443
684846
84720
108945
71409
84570
437189
116696
79570
670142
536323
116399
108932
133115
85469
82547
89915
176015
87293
83224
99132
114583
134735
54373
387084
450794
456182
419306
447233
668774
669263
50712
64397
436936
437346
437335
437337
663701
437348
404828
437352
437361
437384
440417
404872
437363
438638
437341
440564
397569
437376
457035
435215
445764
438424
404795
535161
397571
668064
608252
437360
607138
404857
431203
444980
437343
57273
437350
438454
437357
456357
438789
474401
659802
438386
654900
441078
6559
6588
531828
684701
532225
441428
697801
114780
7772
12447
474252
438641
635251
7768
77467
107867
13003
61233
437383
437356
474231
7781
660786
66242
447349
74233
114337
75814
444168
46184
66096
660924
663111
46908
474160
441021
20631
87289
659868
660857
2870
691720
441356
535357
531532
108575
456352
77912
419844
441572
440710
474197
86986
24671
440856
108447
535873
62297
474200
84012
660865
660836
443798
7787
435383
429778
433750
435431
434140
385111
435419
434391
443401
375374
635064
428510
435427
425020
429719
378511
446921
373059
375375
346307
426638
437838
375490
440748
441253
61383
375377
438098
443744
391738
443788
371172
442246
443762
445442
419656
634844
445484
532994
373220
449655
378512
474091
23335
445496
396300
654703
442268
445465
441382
435449
369769
346316
445426
467422
375493
450915
439197
482455
438232
440457
435371
445340
445479
378858
439847
346339
369764
443818
443796
436171
635274
441504
426105
474096
458500
426035
445351
426643
474349
84859
468863
378513
433957
436444
485113
443772
445492
435380
369721
542732
703254
450880
425546
94458
640650
534079
708088
18428
419382
445986
346302
445494
384987
425608
443717
346313
441437
445324
445319
434409
449203
45341
474012
427609
474340
481580
75086
140270
474084
479029
480763
373062
434572
469217
454983
55239
428266
532788
441029
99890
470874
449607
426803
470426
435439
392690
18879
5727
697501
443829
472889
107934
47690
486137
434590
18663
133614
132999
607567
702440
435320
481169
446947
346300
369719
469987
452167
470000
446009
435434
434882
437170
436215
454988
434635
468472
472514
430493
47458
514131
533903
443842
83322
446938
446952
74979
88664
73703
444021
469215
88975
108482
378889
60679
484012
445394
433830
479153
100163
441335
1970
89128
445179
49744
706052
447790
425756
22225
23169
55331
384916
448770
434819
82746
94224
446045
137990
129543
469210
446969
76981
61204
468029
134330
474088
130536
435343
136921
664277
445413
431807
443814
440546
534051
438730
440730
445197
396983
1979
474024
668576
534263
47518
78235
85563
440700
396971
688776
662385
469780
447016
378514
667546
479445
25857
55119
442291
699973
512642
419973
76408
449198
535973
434103
123744
67041
81602
128444
447201
534171
430079
430945
532738
443725
430484
89607
67476
459074
697546
79534
662372
531622
445211
432328
1977
77785
434008
474064
83432
434255
469970
511467
5719
708189
479426
99196
64133
469907
474066
434520
469213
105808
454987
44734
73532
435447
435331
64027
61670
435006
134073
445476
441372
375371
445490
533822
369772
530342
534456
136219
434906
6393
517461
396984
440541
434289
606358
474351
72535
369759
426781
2014
688754
90189
444781
72380
19183
441231
471937
443353
661130
451898
533748
661128
447288
535601
434627
698234
449698
429435
79744
105789
447028
25632
457129
441126
2012
469640
522450
24659
429013
47373
134841
18480
435867
534802
661689
64434
605788
440703
89662
445502
107383
440467
374419
344677
344577
482636
646758
441129
438261
669370
662429
441410
436137
522060
436176
608656
443156
430457
453424
435361
654596
57403
109845
369775
431011
91600
72266
698262
81741
15305
97038
668112
672078
148554
88690
432152
22153
441170
633195
62401
128186
445356
84098
46995
2009
81809
67711
110329
75819
79255
18635
54298
530329
76662
83877
128446
469218
483862
121402
67718
479100
20800
99222
25811
632027
684429
89356
440095
483795
454344
21349
436533
667543
70919
134115
433999
435074
128443
386635
129458
87356
84774
136290
93930
96986
108456
138638
67034
82661
20216
79582
469208
107636
135332
447700
459044
135819
126229
128499
485029
64029
473569
419373
346311
478732
210503
441492
467281
433044
440045
87349
347019
25134
533237
108347
127832
75452
484074
453950
437224
64069
374873
437219
661379
690375
635221
535428
471571
396466
427052
667488
347219
425816
445772
686244
374871
694774
457914
437218
512957
694667
8604
439684
684266
448391
65218
430531
427506
708112
437226
456335
512600
471700
459109
452279
387193
432406
44776
513813
427975
684270
20388
427978
54376
63134
684347
135656
48788
98632
684343
20819
78248
91577
21289
46530
57675
78124
427980
437215
437225
501711
706695
428181
437290
80418
129992
86877
121109
438491
90447
56543
129974
431755
431445
660217
120144
471805
472845
432408
437299
108665
643640
432581
387349
533142
64616
437302
46679
455153
471115
542697
689225
71434
471579
81823
427973
62109
419779
25699
133423
94343
82479
98073
684257
535352
437217
385841
65620
20823
437220
437216
535468
472678
419337
432308
450942
440493
432641
436592
450351
426694
426126
452010
450344
450348
416237
446636
451066
455080
471863
416261
426681
450929
430095
434484
457522
534446
480840
426699
694654
416197
426678
643735
448845
427379
511481
446014
416249
708186
471973
454735
416229
512543
428004
686419
136423
437565
480723
426691
120961
426049
419341
419333
531631
75152
513768
416232
654945
134695
434077
512218
513339
428007
426687
532450
453347
703071
2228
480822
123317
603083
664850
138381
437168
66418
86225
531174
353808
660339
419335
434079
514818
447669
419339
428009
532093
605898
439884
437564
669468
482595
148582
513211
513804
81207
515024
75200
537469
47728
75281
24767
643649
85795
46537
378440
99591
437561
439859
435438
436552
387149
501714
387146
436522
443523
443544
436448
443508
430454
485170
436588
432768
531231
532182
443889
436492
668816
473444
485375
470353
533453
436584
22238
66263
437669
436559
436495
533496
443513
439558
485145
531226
91343
441070
436593
485387
436454
438152
76207
123327
80182
436567
531229
669661
512095
436595
442936
533454
531235
67018
48652
473408
370194
707915
514267
533466
85230
86152
87415
443517
108012
85160
108767
79555
134858
443536
532171
533472
116708
107759
345327
533474
346814
129076
81491
134623
608259
431217
387641
456388
127797
47991
141596
485058
513363
455376
531228
76198
114433
80066
455683
436575
74978
7430
127735
436537
73233
436605
443492
533473
22386
345145
138619
438003
396416
438007
432263
425856
443588
455575
5775
438009
425853
438006
443671
532394
448336
428205
433303
425858
443657
428203
455582
482315
474459
472903
453321
435651
684237
451232
432433
438010
438011
419984
434746
697767
709786
404956
438000
447141
8105
472928
2941
438004
438002
501726
8103
535130
448817
73614
439254
444323
454375
534519
94210
687088
667249
116298
429189
635072
603245
374963
114568
425860
433620
441249
450131
72330
449962
230858
471344
437997
532239
65403
80330
438005
448249
443053
64663
373173
63817
20669
659836
16961
124640
71841
79628
471324
72580
393937
457382
425160
382394
99856
52789
67732
438001
382460
452565
133489
88010
471332
8112
471185
684888
137109
75182
206541
62890
531824
532390
139508
439504
425862
114357
643497
72018
134818
372716
433971
471450
438620
90345
109185
701009
139917
114667
431473
387226
110166
654516
80061
94201
428320
345447
440382
456031
136925
426480
533711
341791
457377
456033
668825
532786
8110
374549
447654
2948
471342
659831
81124
82831
85745
430550
73400
48789
26441
63402
437578
56096
651559
75540
449970
89818
108521
80279
55523
78699
77107
121009
137172
84303
129489
131560
532272
85101
107305
443210
89264
327748
375288
434989
419566
434620
346276
435107
396597
434624
471367
56141
435363
121329
434302
367765
472733
513696
481331
513711
426785
700297
700230
438673
458364
667018
393168
116587
440999
705051
522052
705681
121470
448962
369782
435621
470827
482199
669100
534044
670019
440997
470357
659870
369713
1593
443712
396947
450787
533086
75506
420003
433082
430159
667567
369707
435935
457738
438856
397084
346283
419571
435484
536441
426068
444090
447306
433881
689773
437042
481819
435796
434086
485570
654619
470412
457938
5440
80000
84193
425945
668358
1638
20231
433848
115964
433538
691197
19349
469083
61739
76706
85433
535347
386622
136824
531787
707992
639054
481006
432220
94497
662500
482899
137864
369785
378829
378707
23314
86637
446012
1600
417127
108768
83780
72756
82163
133751
440504
12770
454400
471731
435392
56480
77108
47213
470920
482511
1602
63702
86852
455004
99702
138162
87432
607117
114132
455039
542703
306657
473677
438248
707996
1636
446905
514888
443705
448376
346278
397164
441063
485577
468365
139433
662535
470082
457940
19707
98783
484019
373195
426601
57531
141783
387647
375384
481015
437037
458402
128300
47348
435874
79752
435330
18806
49829
472204
404182
49204
454003
72538
1603
87430
670006
472564
82083
78806
474711
141960
108644
129368
135669
132764
80338
457934
66456
533556
458404
531536
432816
531996
64012
469933
455016
473069
346072
374507
67263
371145
434907
444648
369717
441145
434407
433535
482893
445970
77624
434413
369710
662527
668355
604656
77820
87350
482289
120253
436562
437039
57148
107751
441083
512269
74834
132697
50929
662517
449005
471672
447344
662545
443715
456045
57004
85664
427541
114511
99940
76766
81499
81663
45144
430022
452645
474722
430789
109028
129785
668203
80011
474767
271162
435488
438122
640575
431906
429142
474713
484114
476049
512428
14707
47593
485949
57652
669568
46301
669566
45589
99984
430791
77859
137346
109426
46876
6279
54410
688370
26554
63690
514903
133921
138749
116790
428672
457890
88852
670190
22351
90111
55905
483513
458467
392976
99571
76209
64398
75478
79999
77354
27003
121231
116394
86975
512753
52591
453366
78052
346109
71952
82861
136206
81128
47010
210639
26035
14709
417091
96859
346111
431994
346869
63525
51857
467219
369663
473097
485192
74829
72791
64323
26530
82033
63101
45443
87020
66537
26751
11288
51595
109587
471347
63508
134217
26753
54292
91484
97578
48520
330368
137344
534876
667085
668525
668582
26200
440009
55585
74531
667726
440024
114223
81025
19253
21774
87144
99390
11629
638595
138983
346785
46915
65543
75378
271160
67536
72915
84704
24626
45377
26513
535990
437482
114769
467216
445195
436088
443620
539143
481742
640472
452093
448693
425590
441450
393099
438731
385108
436076
440316
430544
430419
533093
436463
449574
608486
456949
79245
436549
513681
486063
450881
450341
554172
121835
479260
438847
469930
483417
447276
371188
669124
439648
436457
438562
371190
436479
430450
436465
457593
430396
429108
46031
428592
449079
447328
689256
531745
436503
436477
684873
533001
430840
607180
444953
485385
455485
66038
436500
480467
438764
442272
654770
446001
438900
532185
654493
439559
453041
443641
437448
445132
438270
690587
128357
669110
446858
454944
706650
669773
669757
690005
480738
89613
445110
446500
77973
79798
451309
698938
97886
23180
117499
46419
634838
468436
470369
397581
511634
439773
75304
64943
450937
79797
452522
479529
57184
22046
445159
481619
47931
25196
474387
65390
107430
440267
386575
467597
471009
78859
79823
47925
479877
134945
20291
634822
24631
440270
